# [image]

# width
# 640

# height
# 480

# [narrow_stereo]

# camera matrix
# 412.424095 0.000000 312.709368
# 0.000000 413.525154 249.944815
# 0.000000 0.000000 1.000000

# distortion
# -0.321877 0.095141 0.001157 0.000738 0.000000

# rectification
# 1.000000 0.000000 0.000000
# 0.000000 1.000000 0.000000
# 0.000000 0.000000 1.000000

# projection
# 318.164093 0.000000 309.858158 0.000000
# 0.000000 361.485321 253.329021 0.000000
# 0.000000 0.000000 1.000000 0.000000


###### Camera Calibration File For pinky_right Datasets ######
image_width: 640
image_height: 480
camera_name: pinky_right
camera_matrix:
  rows: 3
  cols: 3
  data: [412.424095, 0.0, 312.709368, 0.0, 413.525154, 249.944815, 0.0, 0.0, 1.0]
distortion_model: pinhole
distortion_coefficients:
  rows: 1
  cols: 5
  data:  [-0.321877, 0.095141, 0.001157, 0.000738, 0.000000]

###### Original Calibration File ######
## General sensor definitions.
#sensor_type: camera
#comment: VI-Sensor cam0 (MT9M034)
#
## Sensor extrinsics wrt. the body-frame.
#T_BS:
#  cols: 4
#  rows: 4
#  data: [0.0148655429818, -0.999880929698, 0.00414029679422, -0.0216401454975,
#         0.999557249008, 0.0149672133247, 0.025715529948, -0.064676986768,
#        -0.0257744366974, 0.00375618835797, 0.999660727178, 0.00981073058949,
#         0.0, 0.0, 0.0, 1.0]
#
## Camera specific definitions.
#rate_hz: 20
#resolution: [752, 480]
#camera_model: pinhole
#intrinsics: [458.654, 457.296, 367.215, 248.375] #fu, fv, cu, cv
#distortion_model: radial-tangential
#distortion_coefficients: [-0.28340811, 0.07395907, 0.00019359, 1.76187114e-05]

