cam0:
  cam_overlaps: [1]
  camera_model: pinhole
  distortion_coeffs: [0.9721409846609149]
  distortion_model: fov
  intrinsics: [331.28552822460455, 331.23263645164525, 352.73911037545093, 220.91364253177375]
  resolution: [640, 480]
  rostopic: /cam0/camera/image_raw
cam1:
  T_cn_cnm1:
  - [0.9999537138373941, 0.005138811269457908, -0.008134051975040248, -0.1547102921778514]
  - [-0.005358047412165738, 0.9996166143670532, -0.027164602137190172, 0.0019642025259955865]
  - [0.007991339732782472, 0.02720692742813391, 0.9995978799443245, -0.005379457630332055]
  - [0.0, 0.0, 0.0, 1.0]
  cam_overlaps: [0]
  camera_model: pinhole
  distortion_coeffs: [0.9693688913030386]
  distortion_model: fov
  intrinsics: [330.5867194675972, 331.1467892470974, 315.2688120266456, 250.65948351969365]
  resolution: [640, 480]
  rostopic: /cam1/camera/image_raw
