cam0:
  cam_overlaps: [1]
  camera_model: pinhole
  distortion_coeffs: [-0.2631486615279203, 0.04805458161127167, -0.0006489207585001403,
    -0.000849473762107103]
  distortion_model: radtan
  intrinsics: [357.8600236293827, 357.79774081908226, 344.9065300668724, 222.07250944395008]
  resolution: [640, 480]
  rostopic: /cam0/camera/image_raw
cam1:
  T_cn_cnm1:
  - [0.9999721884895494, 0.00592248047827875, -0.004532821681271768, -0.14184481318527628]
  - [-0.006023306413322938, 0.9997272805170815, -0.022562898079825384, 0.0033717952287068754]
  - [0.004397957169075556, 0.022589573145453023, 0.9997351495060248, 0.001330370088376676]
  - [0.0, 0.0, 0.0, 1.0]
  cam_overlaps: [0]
  camera_model: pinhole
  distortion_coeffs: [-0.2653591117715852, 0.05034609006248876, 0.0007345691028101465,
    0.0012064868540726014]
  distortion_model: radtan
  intrinsics: [357.6724793614882, 358.7985644669848, 302.2283270797704, 249.47420176850383]
  resolution: [640, 480]
  rostopic: /cam1/camera/image_raw
