image_width: 640
image_height: 480
camera_name: 00b09d010099d8be
camera_matrix:
  rows: 3
  cols: 3
  data: [0.9926480177823421, -0.003245043765331512, 342.8391761910257, 0.00532530050326511, 1, 226.0016320068473, 0, 0, 0]
distortion_model: taylor
distortion_coefficients:
  rows: 1
  cols: 4
  data: [422.7920379867664, -0.0009101981598790421, 2.159217362279283e-07, -9.757387477479164e-10]
rectification_matrix:
  rows: 3
  cols: 3
  data: [0.5067611950220863, 0.03033678633851548, 0.8615525350287304, 0.03227521973743699, 0.9980123725678252, -0.05412591239369183, -0.8614820958155144, 0.05523570942968548, 0.5047748161240909]
projection_matrix:
  rows: 3
  cols: 4
  data: [0, 0, 0, 0.1212934159104846, 0, 0, 0, -0.003552632755211925, 0, 0, 0, -0.07613668262881212]