cam0:
  T_cam_imu:
  - [-0.029587617908671603, -0.9941041845399167, 0.1043141560226629, 0.012069726105276922]
  - [-0.9995405897914614, 0.03011150402383821, 0.003450606434009601, -1.1894986731782174e-05]
  - [-0.006571318424068995, -0.10416413780976819, -0.9945384106048996, 0.00749936331736917]
  - [0.0, 0.0, 0.0, 1.0]
  cam_overlaps: [1]
  camera_model: pinhole
  distortion_coeffs: [0.06402348242688664, 0.1958200392913811, -0.09750017660853821,
    0.01569057556374494]
  distortion_model: equidistant
  intrinsics: [387.5110997428271, 385.7427354597701, 406.2633239949045, 259.6175652164798]
  resolution: [640, 480]
  rostopic: /sync/cam0/image_raw
  timeshift_cam_imu: -0.04826473921116598
cam1:
  T_cam_imu:
  - [-0.025090367724059485, -0.9991663680902094, 0.03220314153761926, 0.16737676550034108]
  - [-0.9996623149773589, 0.025294678800832023, 0.005952750496261323, 0.0006522973051105077]
  - [-0.006762356215068429, -0.03204291032011923, -0.9994636173651534, 0.01791764441457759]
  - [0.0, 0.0, 0.0, 1.0]
  T_cn_cnm1:
  - [0.997377075314208, -0.004896440792855996, 0.07221491885501727, 0.15479707322109007]
  - [0.005053036714778908, 0.99998526132642, -0.0019859380374847814, 0.000618096618247555]
  - [-0.07220413047488189, 0.0023456337079109935, 0.9973871171941578, 0.011309388034458467]
  - [0.0, 0.0, 0.0, 1.0]
  cam_overlaps: [0]
  camera_model: pinhole
  distortion_coeffs: [0.2989704262593885, -0.19673464443839878, 0.0364045504213513,
    0.15642107568123753]
  distortion_model: equidistant
  intrinsics: [401.78768106436365, 395.41467332927306, 408.9254508845126, 256.92812644039077]
  resolution: [640, 480]
  rostopic: /sync/cam1/image_raw
  timeshift_cam_imu: 0.004094483866072924
