cam0:
  cam_overlaps: [1]
  camera_model: pinhole
  distortion_coeffs: [0.06402348242688664, 0.1958200392913811, -0.09750017660853821,
    0.01569057556374494]
  distortion_model: equidistant
  intrinsics: [387.5110997428271, 385.7427354597701, 406.2633239949045, 259.6175652164798]
  resolution: [640, 480]
  rostopic: /sync/cam0/image_raw
cam1:
  T_cn_cnm1:
  - [0.9973770753142069, -0.004896440792855996, 0.07221491885501727, 0.15479707322109007]
  - [0.005053036714778908, 0.9999852613264189, -0.0019859380374847814, 0.000618096618247555]
  - [-0.07220413047488189, 0.0023456337079109935, 0.9973871171941567, 0.011309388034458467]
  - [0.0, 0.0, 0.0, 1.0]
  cam_overlaps: [0]
  camera_model: pinhole
  distortion_coeffs: [0.2989704262593885, -0.19673464443839878, 0.0364045504213513,
    0.15642107568123753]
  distortion_model: equidistant
  intrinsics: [401.78768106436365, 395.41467332927306, 408.9254508845126, 256.92812644039077]
  resolution: [640, 480]
  rostopic: /sync/cam1/image_raw
