cam0:
  cam_overlaps: [1]
  camera_model: pinhole
  distortion_coeffs: [-0.01776164349238195, -0.001156520584469808, -0.015479190814176464,
    0.008200702107433564]
  distortion_model: equidistant
  intrinsics: [355.56871933377766, 355.02047853825957, 352.5643313899234, 219.23703566928208]
  resolution: [640, 480]
  rostopic: /cam0/camera/image_raw
cam1:
  T_cn_cnm1:
  - [0.9997923286536907, 0.0012151702722021296, -0.020342638138713304, -0.16246667380443375]
  - [-0.002232395177597556, 0.9987438768442242, -0.05005681649828196, -0.0026699466209908]
  - [0.02025625772456788, 0.05009183393908821, 0.9985391790989562, 0.004324939868793361]
  - [0.0, 0.0, 0.0, 1.0]
  cam_overlaps: [0]
  camera_model: pinhole
  distortion_coeffs: [-0.032587733909694945, 0.027874966097164163, -0.028185288069206466,
    0.006665966043455297]
  distortion_model: equidistant
  intrinsics: [359.3724425756267, 360.03469379879493, 321.87426828864125, 257.717119019637]
  resolution: [640, 480]
  rostopic: /cam1/camera/image_raw
