cam0:
  T_cam_imu:
  - [0.011367716888603496, -0.9999215303167894, 0.005263859959361239, 0.00043842568544278103]
  - [-0.05715907377209123, -0.005905393615183274, -0.99834761812295, -0.001856175135930664]
  - [0.9983003632666165, 0.011048055719490246, -0.057221719360412926, 0.0019379676427950406]
  - [0.0, 0.0, 0.0, 1.0]
  cam_overlaps: [1]
  camera_model: pinhole
  distortion_coeffs: [-0.01776164349238195, -0.001156520584469808, -0.015479190814176464,
    0.008200702107433564]
  distortion_model: equidistant
  intrinsics: [355.56871933377766, 355.02047853825957, 352.5643313899234, 219.23703566928208]
  resolution: [640, 480]
  rostopic: /cam0/camera/image_raw
  timeshift_cam_imu: -0.01815238899407416
cam1:
  T_cam_imu:
  - [-0.009012164911380599, -0.9999457979247881, 0.005213645190233651, -0.16207001811077043]
  - [-0.10708439026653088, -0.004218786209077258, -0.9942409844721591, -0.00462177740241296]
  - [0.9942090898019671, -0.009518563729978669, -0.10704056567331346, 0.006175978134956754]
  - [0.0, 0.0, 0.0, 1.0]
  T_cn_cnm1:
  - [0.99979232865369, 0.0012151702722021291, -0.020342638138713304, -0.16246667380443375]
  - [-0.0022323951775975568, 0.9987438768442235, -0.05005681649828197, -0.0026699466209908]
  - [0.02025625772456788, 0.05009183393908822, 0.9985391790989555, 0.004324939868793361]
  - [0.0, 0.0, 0.0, 1.0]
  cam_overlaps: [0]
  camera_model: pinhole
  distortion_coeffs: [-0.032587733909694945, 0.027874966097164163, -0.028185288069206466,
    0.006665966043455297]
  distortion_model: equidistant
  intrinsics: [359.3724425756267, 360.03469379879493, 321.87426828864125, 257.717119019637]
  resolution: [640, 480]
  rostopic: /cam1/camera/image_raw
  timeshift_cam_imu: -0.02242589653672214
